429.82025027275085
385.3731164932251
185.90579342842102
352.11970829963684
116.23911881446838
303.42472791671753
928.6467700004578
487.9353017807007
44.802324533462524
77.25621771812439
35.629706382751465
767.2972419261932
789.0973715782166
220.5519871711731
97.48338484764099
1725.5486962795258
593.5120284557343
480.11847829818726
360.13894033432007
910.4055330753326
617.4257473945618
234.0133023262024
96.68475890159607
194.77329874038696
529.6808934211731
241.12067556381226
286.2795774936676
28.58185601234436
438.0875267982483
81.48806881904602
145.72596263885498
500.62525391578674
694.9243829250336
1282.756686925888
1012.8129835128784
67.39120721817017
849.1272423267365
1047.7629330158234
179.81844210624695
537.3537318706512
506.41286611557007
764.3716394901276
360.8127210140228
422.1123468875885
487.0658149719238
761.807234287262
230.9430434703827
427.32960391044617
444.86081051826477
102.84296298027039
1097.3001482486725
81.66213369369507
280.2647337913513
114.69342064857483
60.89628076553345
128.9050488471985
163.80146622657776
70.28463530540466
197.65050721168518
1001.4532124996185
66.92840456962585
88.29871726036072
488.3938944339752
214.61420893669128
815.0602705478668
513.4893174171448
405.00920963287354
143.52424097061157
54.59501123428345
152.68612504005432
192.67286610603333
277.77564430236816
774.0476729869843
193.9761242866516
218.8316044807434
95.3771460056305
115.4443666934967
548.7333116531372
302.73135709762573
274.18691539764404
448.2738139629364
140.7215974330902
672.7603619098663
126.09268689155579
155.64773392677307
116.09073066711426
126.90058279037476
321.38296842575073
49.2836811542511
192.70942759513855
253.03690791130066
208.45579171180725
69.52116775512695
177.45301175117493
622.8081436157227
17.980453729629517
70.23228931427002
172.5244517326355
312.91033363342285
355.65731716156006
203.15133833885193
82.00999116897583
381.6082513332367
1010.5699265003204
56.17106080055237
454.61180543899536
94.5935001373291
106.56405282020569
309.0121500492096
158.93774366378784
50.92406678199768
148.6322536468506
1771.6000816822052
316.6089024543762
63.20109272003174
622.2659826278687
69.49926161766052
584.2176673412323
243.1661341190338
316.57329511642456
101.89343070983887
453.4729473590851
83.92649340629578
467.8277611732483
551.2912890911102
371.76951146125793
469.67360067367554
787.9801335334778
140.62083458900452
557.8816518783569
299.7187497615814
166.3579876422882
135.3499355316162
325.0316891670227
40.38596534729004
63.02440619468689
147.92030906677246
224.8046407699585
381.5204222202301
262.851863861084
803.8357501029968
146.89305758476257
1146.6305401325226
578.1047801971436
266.7374632358551
242.89575719833374
272.3833680152893
116.76664447784424
299.1557500362396
142.1088547706604
278.73488903045654
192.06522011756897
461.277072429657
163.20442247390747
1706.0173976421356
229.55094289779663
331.2878329753876
284.2885205745697
58.272119998931885
157.24735832214355
133.4101266860962
11.28580904006958
482.901798248291
409.52550864219666
225.35616636276245
91.5261640548706
349.169960975647
396.1623077392578
128.1462037563324
321.4072241783142
655.8316836357117
294.1172275543213
332.3721613883972
130.51762104034424
676.9242205619812
151.76137042045593
74.07837104797363
105.91159462928772
20.675238847732544
1340.721828699112
256.61074137687683
111.8357982635498
146.63251781463623
76.87340760231018
67.00380229949951
444.4018349647522
587.55379986763
229.18541932106018
468.51697158813477
229.12921476364136
769.5150289535522
1164.9279170036316
665.2235333919525
181.5050880908966
171.3096616268158
341.4905517101288
294.9241545200348
70.09117126464844
133.38204407691956
743.4515628814697
